adr	frac	jury_score	jury_MCC	red_scores	red_MCC	consensus_scores	consensus_MCC
Acute_hepatic_failure	(0.7, 1.5)	0.47796566666666673	0.027299	0.38392	-0.164292	0.47796566666666673	0.027299
Biliary_cirrhosis	(0.7, 1.5)	0.3812333333333333	-0.170467	0.35132433333333335	-0.284556	0.3812333333333333	-0.170467
Drug-induced_liver_injury	(0.9, 3)	0.5266766666666666	0.228282	0.487268	0.103674	0.5266766666666666	0.228282
Hepatic_cirrhosis	(0.7, 1.5)	0.5264393333333334	0.168955	0.46871066666666666	0.016516	0.5264393333333334	0.168955
Hepatic_failure	(0.7, 5)	0.5625	0.258199	0.2125	-0.40452	0.5625	0.258199
Hyperammonaemia	(0.9, 1.5)	0.410293	-0.018051	0.43722900000000003	-0.080013	0.410293	-0.018051
Hypoalbuminaemia	(0.6, 1.5)	0.4000000000000001	-0.2	0.6	0.2	0.4000000000000001	-0.2
Non-alcoholic_steatohepatitis	(0.9, 3)	0.5982403333333334	0.26968	0.31117900000000004	-0.171467	0.5982403333333334	0.26968
Amyloidosis	(0.7, 1.5)	0.7857143333333333	0.632456	0.5333333333333333	0.149071	0.7857143333333333	0.632456
Anaphylactic_reaction	(0.6, 1.5)	0.6122806666666666	0.210819	0.32163733333333333	-0.269191	0.6122806666666666	0.210819
Anaphylactoid_reaction	(0.6, 3)	1.0	1.0	1.0	1.0	1.0	1.0
Atrial_fibrillation	(0.7, 1.5)	0.8888890000000002	0.777778	0.666667	0.333333	0.8888890000000002	0.777778
Azoospermia	(0.6, 5)	0.16666666666666666	0.0	0.0	-1.0	0.16666666666666666	0.0
Bladder_pain	(0.8, 1.5)	1.0	1.0	1.0	1.0	1.0	1.0
Breath_odour	(0.9, 5)	0.5461536666666666	0.158114	0.4529916666666666	0.120386	0.5461536666666666	0.158114
Cholestasis	(0.7, 1.5)	0.5	0.0	0.08333333333333333	-0.57735	0.5	0.0
Chromaturia	(0.9, 1.5)	0.8916666666666666	0.774597	0.041666666666666664	-0.774597	0.8916666666666666	0.774597
Coagulopathy	(0.6, 3)	0.16666666666666666	0.0	0.08333333333333333	-0.57735	0.16666666666666666	0.0
Coordination_abnormal	(0.9, 5)	0.08333333333333333	-0.57735	0.16666666666666666	0.0	0.08333333333333333	-0.57735
Deafness	(0.8, 1.5)	0.644737	0.321182	0.536442	0.169228	0.644737	0.321182
Dermatitis_atopic	(0.6, 1.5)	1.0	1.0	1.0	1.0	1.0	1.0
Diplegia	(0.8, 1.5)	1.0	1.0	0.0	-1.0	1.0	1.0
Duodenitis	(0.9, 1.5)	0.5239130000000001	0.087706	0.400223	-0.04828	0.5239130000000001	0.087706
Ear_pain	(0.7, 1.5)	1.0	1.0	1.0	1.0	1.0	1.0
Enterocolitis	(0.6, 1.5)	0.765873	0.507093	0.75	0.57735	0.765873	0.507093
Erythema_nodosum	(0.7, 1.5)	0.625	0.377964	0.625	0.377964	0.625	0.377964
Febrile_neutropenia	(0.9, 1.5)	0.6999999999999998	0.4	0.13333333333333333	-0.333333	0.6999999999999998	0.4
Fibrocystic_breast_disease	(0.7, 1.5)	0.5	0.0	0.75	0.57735	0.5	0.0
Fistula	(0.6, 1.5)	1.0	1.0	1.0	1.0	1.0	1.0
Flushing	(0.8, 5)	0.5869566666666667	0.308607	0.3140093333333333	-0.231869	0.5869566666666667	0.308607
Glaucoma	(0.8, 1.5)	0.5377446666666666	0.138409	0.5662163333333333	0.108465	0.5377446666666666	0.138409
Glucose_tolerance_impaired	(0.9, 1.5)	0.6666666666666666	0.0	0.16666666666666666	0.0	0.6666666666666666	0.0
Goitre	(0.9, 5)	0.5411763333333334	0.249136	0.36349933333333334	-0.181568	0.5411763333333334	0.249136
Growth_retardation	(0.6, 1.5)	1.0	1.0	1.0	1.0	1.0	1.0
Gynaecomastia	(0.9, 5)	0.5416666666666666	0.208514	0.42824066666666666	0.053376	0.5416666666666666	0.208514
Haemorrhagic_diathesis	(0.6, 3)	0.5	0.0	0.5	0.0	0.5	0.0
Hepatitis	(0.9, 5)	0.602941	0.338754	0.36274500000000004	0.0	0.602941	0.338754
Hepatitis_toxic	(0.7, 3)	0.75	0.57735	0.08333333333333333	-0.57735	0.75	0.57735
Hepatomegaly	(0.6, 1.5)	1.0	1.0	1.0	1.0	1.0	1.0
Hirsutism	(0.9, 1.5)	0.5695653333333334	0.175412	0.40447933333333336	-0.174078	0.5695653333333334	0.175412
Hyperacusis	(0.7, 5)	0.6	0.333333	0.13333333333333333	-0.333333	0.6	0.333333
Hypercoagulation	(0.7, 5)	0.16666666666666666	0.0	0.0	-1.0	0.16666666666666666	0.0
Hypernatraemia	(0.6, 1.5)	0.7129629999999999	0.394405	0.3833333333333333	-0.169031	0.7129629999999999	0.394405
Hyperparathyroidism	(0.7, 1.5)	0.75	0.57735	0.5	0.0	0.75	0.57735
Hypersensitivity	(0.9, 5)	0.5555556666666667	0.268328	0.18095233333333335	-0.394055	0.5555556666666667	0.268328
Hypertrophic_cardiomyopathy	(0.6, 1.5)	1.0	1.0	1.0	1.0	1.0	1.0
Hyperuricaemia	(0.6, 1.5)	0.5238096666666666	0.113961	0.36254800000000004	-0.198228	0.5238096666666666	0.113961
Hypoacusis	(0.8, 5)	0.16666666666666666	0.0	0.16666666666666666	0.0	0.16666666666666666	0.0
Ichthyosis	(0.9, 5)	0.16666666666666666	0.0	0.0	-1.0	0.16666666666666666	0.0
Infarction	(0.7, 1.5)	0.8333333333333334	0.707107	0.8333333333333334	0.707107	0.8333333333333334	0.707107
Ischaemia	(0.7, 1.5)	0.8055556666666667	0.57735	0.5	0.0	0.8055556666666667	0.57735
Jaundice	(0.6, 1.5)	0.7813766666666666	0.61017	0.35672499999999996	-0.522233	0.7813766666666666	0.61017
Malnutrition	(0.9, 1.5)	1.0	1.0	0.65	0.338062	1.0	1.0
Melaena	(0.6, 5)	0.4583336666666667	0.125988	0.3416666666666666	-0.102598	0.4583336666666667	0.125988
Meningism	(0.7, 3)	0.625	0.377964	0.5	0.0	0.625	0.377964
Menstruation_irregular	(0.8, 1.5)	1.0	1.0	1.0	1.0	1.0	1.0
Musculoskeletal_pain	(0.6, 3)	0.75	0.57735	0.31944433333333333	-0.258199	0.75	0.57735
Nasal_congestion	(0.6, 1.5)	0.9	0.816497	0.7000000000000001	0.5	0.9	0.816497
Nasal_discomfort	(0.6, 1.5)	1.0	1.0	1.0	1.0	1.0	1.0
Neuropathy_peripheral	(0.8, 1.5)	0.6926883333333332	0.424774	0.401515	-0.060302	0.6926883333333332	0.424774
Neutropenia	(0.6, 3)	0.5576923333333333	0.247436	0.30341866666666667	-0.182574	0.5576923333333333	0.247436
Nocturia	(0.9, 1.5)	0.5962966666666666	0.136083	0.47407400000000005	0.072739	0.5962966666666666	0.136083
Ophthalmoplegia	(0.6, 5)	0.0	-1.0	0.16666666666666666	0.0	0.0	-1.0
Orthostatic_hypotension	(0.7, 1.5)	0.75	0.57735	0.875	0.774597	0.75	0.57735
Palpitations	(0.9, 1.5)	0.6647620000000001	0.364698	0.42769233333333334	-0.160128	0.6647620000000001	0.364698
Peptic_ulcer	(0.6, 1.5)	1.0	1.0	1.0	1.0	1.0	1.0
Petechiae	(0.6, 1.5)	0.6068966666666666	0.290191	0.4708386666666667	-0.034565	0.6068966666666666	0.290191
Photophobia	(0.7, 5)	0.5208333333333334	0.145865	0.3541666666666667	-0.055902	0.5208333333333334	0.145865
Pleurisy	(0.6, 1.5)	1.0	1.0	1.0	1.0	1.0	1.0
Pre-eclampsia	(0.6, 1.5)	1.0	1.0	1.0	1.0	1.0	1.0
Renal_tubular_acidosis	(0.8, 5)	0.16666666666666666	0.0	0.16666666666666666	0.0	0.16666666666666666	0.0
Respiratory_depression	(0.6, 1.5)	1.0	1.0	1.0	1.0	1.0	1.0
Respiratory_failure	(0.7, 1.5)	0.666667	0.333333	0.5238096666666666	0.113961	0.666667	0.333333
Strabismus	(0.8, 1.5)	0.75	0.57735	0.75	0.57735	0.75	0.57735
Tachycardia	(0.9, 1.5)	0.6052083333333333	0.33197	0.6383103333333334	0.170996	0.6052083333333333	0.33197
Tinnitus	(0.8, 1.5)	0.6472333333333333	0.304636	0.4865726666666667	-0.065606	0.6472333333333333	0.304636
Torsade_de_pointes	(0.6, 3)	1.0	1.0	1.0	1.0	1.0	1.0
Torticollis	(0.8, 1.5)	0.7171716666666667	0.4842	0.7999999999999999	0.654654	0.7171716666666667	0.4842
Tremor	(0.9, 3)	0.5729166666666666	0.280449	0.4944443333333333	0.153897	0.5729166666666666	0.280449
Tubulointerstitial_nephritis	(0.8, 1.5)	0.8333333333333334	0.707107	0.6666666666666666	0.447214	0.8333333333333334	0.707107
Tumour_lysis_syndrome	(0.6, 1.5)	0.875	0.774597	0.875	0.774597	0.875	0.774597
Ulcerative_keratitis	(0.7, 1.5)	1.0	1.0	1.0	1.0	1.0	1.0
Vaginal_discharge	(0.7, 1.5)	0.8333333333333334	0.707107	0.8333333333333334	0.707107	0.8333333333333334	0.707107
Ventricular_tachycardia	(0.6, 1.5)	0.8611110000000001	0.707107	0.25	-0.707107	0.8611110000000001	0.707107
Blood_and_lymphatic_system_disorders	(0.9, 1.5)	0.7705176666666667	0.545705	0.602176	0.154083	0.7705176666666667	0.545705
Cardiac_disorders	(0.8, 1.5)	0.675821	0.416703	0.614899	0.250873	0.675821	0.416703
Congenital,_familial_and_genetic_disorders	(0.7, 5)	0.5	0.0	0.75	0.57735	0.5	0.0
Ear_and_labyrinth_disorders	(0.7, 1.5)	0.618774	0.280056	0.530091	0.086529	0.618774	0.280056
Endocrine_disorders	(0.8, 3)	0.5526316666666666	0.235702	0.39724266666666663	-0.109109	0.5526316666666666	0.235702
Eye_disorders	(0.7, 5)	0.574074	0.282843	0.5925926666666667	0.319438	0.574074	0.282843
Gastrointestinal_disorders	(0.9, 5)	0.5638299999999999	0.261116	0.35461000000000004	0.0	0.5638299999999999	0.261116
Hepatobiliary_disorders	(0.8, 1.5)	0.6155946666666666	0.269953	0.6833333333333332	0.408248	0.6155946666666666	0.269953
Immune_system_disorders	(0.7, 5)	0.5075073333333333	0.19803	0.332046	-0.046176	0.5075073333333333	0.19803
Metabolism_and_nutrition_disorders	(0.9, 1.5)	0.630061	0.30136	0.5403163333333333	0.126554	0.630061	0.30136
Musculoskeletal_and_connective_tissue_disorders	(0.6, 3)	0.595238	0.324443	0.5555553333333333	0.272166	0.595238	0.324443
Nervous_system_disorders	(0.8, 1.5)	0.5688646666666667	0.261839	0.5350876666666666	0.199205	0.5688646666666667	0.261839
Pregnancy,_puerperium_and_perinatal_conditions	(0.6, 1.5)	1.0	1.0	1.0	1.0	1.0	1.0
Renal_and_urinary_disorders	(0.9, 1.5)	0.6721743333333333	0.29821	0.4027776666666667	0.0	0.6721743333333333	0.29821
Reproductive_system_and_breast_disorders	(0.7, 1.5)	0.6805556666666667	0.452267	0.4555556666666667	0.0	0.6805556666666667	0.452267
Respiratory,_thoracic_and_mediastinal_disorders	(0.7, 1.5)	0.90625	0.82717	0.6998106666666667	0.460566	0.90625	0.82717
Skin_and_subcutaneous_tissue_disorders	(0.8, 1.5)	0.6446073333333333	0.304656	0.5278156666666667	0.050683	0.6446073333333333	0.304656
Vascular_disorders	(0.9, 1.5)	0.742287	0.435286	0.38348999999999994	-0.142134	0.742287	0.435286
