adr	frac	jury_score_ACC	jury_score_PREC	jury_score_REC	jury_MCC	red_scores_ACC	red_scores_PREC	red_scores_REC	red_MCC	consensus_scores_ACC	consensus_scores_PREC	consensus_scores_REC	consensus_MCC	SVM_ACC	SVM_PREC	SVM_REC	SVM_MCC	RND_ACC	RND_PREC	RND_REC	RND_MCC	NN_ACC	NN_PREC	NN_REC	NN_MCC
Acute_hepatic_failure	(0.7, 1.5)	0.486239	0.525	0.362069	-0.010849	0.43299	0.446809	0.42	-0.133191	0.486239	0.525	0.362069	-0.010849	0.454128	0.482353	0.353448	-0.07972	0.43578	0.414634	0.146552	-0.113314	0.509174	0.540541	0.517241	0.017209
Amyloidosis	(0.7, 3)	0.714286	1.0	0.428571	0.522233	0.5	1.0	0.5	0.0	0.714286	1.0	0.428571	0.522233	0.785714	1.0	0.571429	0.632456	0.714286	1.0	0.428571	0.522233	0.642857	1.0	0.285714	0.408248
Anaphylactic_reaction	(0.9, 3)	0.631579	0.727273	0.421053	0.290129	0.25	0.230769	0.272727	-0.496503	0.631579	0.727273	0.421053	0.290129	0.5	0.0	0.0	0.0	0.631579	0.727273	0.421053	0.290129	0.447368	0.458333	0.578947	-0.109109
Anaphylactoid_reaction	(0.7, 3)	1.0	1.0	1.0	1.0	0.0	0.0	0.0	0.0	1.0	1.0	1.0	1.0	0.5	0.0	0.0	0.0	1.0	1.0	1.0	1.0	1.0	1.0	1.0	1.0
Atrial_fibrillation	(0.9, 1.5)	0.833333	0.875	0.777778	0.67082	0.25	0.333333	0.5	-0.57735	0.833333	0.875	0.777778	0.67082	0.777778	0.857143	0.666667	0.569803	0.888889	0.888889	0.888889	0.777778	0.722222	0.7	0.777778	0.447214
Azoospermia	(0.7, 5)	0.5	0.0	0.0	0.0	0.0	0.0	0.0	0.0	0.5	0.0	0.0	0.0	0.5	0.0	0.0	0.0	0.0	0.0	0.0	-1.0	0.5	0.0	0.0	0.0
Biliary_cirrhosis	(0.8, 5)	0.458904	0.444444	0.103896	-0.062308	0.4	0.333333	0.5	-0.166667	0.458904	0.444444	0.103896	-0.062308	0.438356	0.424242	0.181818	-0.111658	0.458904	0.25	0.012987	-0.093255	0.424658	0.36	0.116883	-0.152408
Bladder_pain	(0.9, 5)	1.0	1.0	1.0	1.0	0.0	0.0	0.0	0.0	1.0	1.0	1.0	1.0	1.0	1.0	1.0	1.0	0.5	0.0	0.0	0.0	1.0	1.0	1.0	1.0
Breath_odour	(0.9, 1.5)	0.576923	0.625	0.384615	0.166667	0.375	0.4	0.5	-0.258199	0.576923	0.625	0.384615	0.166667	0.538462	0.6	0.230769	0.09759	0.576923	0.625	0.384615	0.166667	0.538462	0.538462	0.538462	0.076923
Cholestasis	(0.9, 1.5)	0.75	1.0	0.5	0.57735	0.0	0.0	0.0	0.0	0.75	1.0	0.5	0.57735	0.75	1.0	0.5	0.57735	0.75	1.0	0.5	0.57735	0.5	0.5	0.5	0.0
Chromaturia	(0.9, 1.5)	0.75	0.75	0.75	0.5	0.25	1.0	0.25	0.0	0.75	0.75	0.75	0.5	0.5	0.5	0.25	0.0	0.875	0.8	1.0	0.774597	0.625	0.666667	0.5	0.258199
Coagulopathy	(0.8, 1.5)	0.5	0.5	0.5	0.0	0.0	0.0	0.0	0.0	0.5	0.5	0.5	0.0	0.5	0.5	0.5	0.0	0.5	0.5	0.5	0.0	0.25	0.0	0.0	-0.57735
Coordination_abnormal	(0.6, 5)	0.25	0.0	0.0	-0.57735	1.0	0.0	0.0	0.0	0.25	0.0	0.0	-0.57735	0.25	0.0	0.0	-0.57735	0.25	0.0	0.0	-0.57735	0.5	0.0	0.0	0.0
Deafness	(0.9, 1.5)	0.636364	0.772727	0.386364	0.314918	0.340909	0.413793	0.5	-0.367658	0.636364	0.772727	0.386364	0.314918	0.534091	0.636364	0.159091	0.103081	0.670455	0.777778	0.477273	0.369611	0.545455	0.547619	0.522727	0.091003
Dermatitis_atopic	(0.6, 3)	1.0	1.0	1.0	1.0	0.0	0.0	0.0	0.0	1.0	1.0	1.0	1.0	0.5	0.0	0.0	0.0	1.0	1.0	1.0	1.0	1.0	1.0	1.0	1.0
Diplegia	(0.9, 3)	0.5	0.0	0.0	0.0	1.0	1.0	1.0	0.0	0.5	0.0	0.0	0.0	0.5	0.0	0.0	0.0	1.0	1.0	1.0	1.0	0.5	0.0	0.0	0.0
Drug-induced_liver_injury	(0.7, 1.5)	0.576132	0.706422	0.306773	0.204396	0.398649	0.431818	0.493506	-0.214418	0.576132	0.706422	0.306773	0.204396	0.578189	0.647436	0.40239	0.180202	0.54321	0.652632	0.247012	0.134314	0.545267	0.644231	0.266932	0.133407
Duodenitis	(0.8, 1.5)	0.608696	0.619048	0.565217	0.218218	0.4	0.333333	0.285714	-0.218218	0.608696	0.619048	0.565217	0.218218	0.652174	0.733333	0.478261	0.324617	0.565217	0.56	0.608696	0.130931	0.543478	0.55	0.478261	0.087706
Ear_pain	(0.8, 3)	1.0	1.0	1.0	1.0	0.0	0.0	0.0	0.0	1.0	1.0	1.0	1.0	0.5	0.0	0.0	0.0	1.0	1.0	1.0	1.0	1.0	1.0	1.0	1.0
Enterocolitis	(0.6, 5)	0.75	0.8	0.666667	0.507093	0.285714	0.333333	0.25	-0.416667	0.75	0.8	0.666667	0.507093	0.583333	0.666667	0.333333	0.19245	0.666667	0.625	0.833333	0.353553	0.75	1.0	0.5	0.57735
Erythema_nodosum	(0.7, 1.5)	0.625	1.0	0.25	0.377964	0.5	0.666667	0.666667	-0.333333	0.625	1.0	0.25	0.377964	0.625	0.666667	0.5	0.258199	0.75	1.0	0.5	0.57735	0.5	0.0	0.0	0.0
Febrile_neutropenia	(0.8, 1.5)	0.75	0.857143	0.6	0.524142	0.166667	0.2	0.142857	-0.657143	0.75	0.857143	0.6	0.524142	0.5	0.0	0.0	0.0	0.55	0.545455	0.6	0.100504	0.8	0.875	0.7	0.612372
Fibrocystic_breast_disease	(0.7, 1.5)	0.75	1.0	0.5	0.57735	0.0	0.0	0.0	0.0	0.75	1.0	0.5	0.57735	0.75	1.0	0.5	0.57735	0.5	0.5	0.5	0.0	0.75	1.0	0.5	0.57735
Fistula	(0.6, 3)	1.0	1.0	1.0	1.0	0.0	0.0	0.0	0.0	1.0	1.0	1.0	1.0	1.0	1.0	1.0	1.0	1.0	1.0	1.0	1.0	0.5	0.0	0.0	0.0
Flushing	(0.8, 5)	0.586957	1.0	0.173913	0.308607	0.294118	0.357143	0.625	-0.49099	0.586957	1.0	0.173913	0.308607	0.521739	1.0	0.043478	0.149071	0.586957	1.0	0.173913	0.308607	0.5	0.5	0.391304	0.0
Glaucoma	(0.8, 1.5)	0.621622	0.655172	0.513514	0.249136	0.415094	0.424242	0.538462	-0.170419	0.621622	0.655172	0.513514	0.249136	0.662162	0.833333	0.405405	0.377964	0.594595	0.64	0.432432	0.2	0.486486	0.491228	0.756757	-0.032125
Glucose_tolerance_impaired	(0.6, 5)	0.5	0.0	0.0	0.0	0.0	0.0	0.0	0.0	0.5	0.0	0.0	0.0	0.5	0.0	0.0	0.0	0.0	0.0	0.0	-1.0	0.5	0.0	0.0	0.0
Goitre	(0.6, 3)	0.588235	0.666667	0.352941	0.2	0.272727	0.333333	0.333333	-0.466667	0.588235	0.666667	0.352941	0.2	0.558824	0.666667	0.235294	0.154303	0.5	0.5	0.352941	0.0	0.558824	0.6	0.352941	0.129099
Growth_retardation	(0.7, 3)	1.0	1.0	1.0	1.0	0.0	0.0	0.0	0.0	1.0	1.0	1.0	1.0	1.0	1.0	1.0	1.0	1.0	1.0	1.0	1.0	0.5	0.0	0.0	0.0
Gynaecomastia	(0.6, 3)	0.583333	0.666667	0.333333	0.19245	0.315789	0.272727	0.375	-0.352273	0.583333	0.666667	0.333333	0.19245	0.520833	0.6	0.125	0.068199	0.520833	0.52381	0.458333	0.041996	0.5625	0.615385	0.333333	0.140642
Haemorrhagic_diathesis	(0.6, 3)	0.5	0.0	0.0	0.0	0.5	0.5	1.0	0.0	0.5	0.0	0.0	0.0	0.5	0.0	0.0	0.0	0.5	0.5	1.0	0.0	0.5	0.0	0.0	0.0
Hepatic_cirrhosis	(0.7, 1.5)	0.589147	0.658824	0.421053	0.201016	0.371212	0.4	0.441176	-0.264297	0.589147	0.658824	0.421053	0.201016	0.627907	0.683168	0.518797	0.269086	0.577519	0.662162	0.368421	0.186103	0.430233	0.428571	0.315789	-0.136136
Hepatic_failure	(0.9, 1.5)	0.5	0.5	0.375	0.0	0.222222	0.2	0.25	-0.55	0.5	0.5	0.375	0.0	0.5	0.5	0.375	0.0	0.375	0.0	0.0	-0.377964	0.3125	0.363636	0.5	-0.40452
Hepatitis	(0.9, 1.5)	0.617647	0.75	0.352941	0.27735	0.5	0.545455	0.6	-0.025482	0.617647	0.75	0.352941	0.27735	0.602941	0.705882	0.352941	0.237732	0.588235	0.714286	0.294118	0.218218	0.661765	0.761905	0.470588	0.350134
Hepatitis_toxic	(0.6, 3)	0.75	1.0	0.5	0.57735	0.0	0.0	0.0	-1.0	0.75	1.0	0.5	0.57735	0.75	1.0	0.5	0.57735	0.25	0.0	0.0	-0.57735	0.75	1.0	0.5	0.57735
Hepatomegaly	(0.9, 1.5)	1.0	1.0	1.0	1.0	0.0	0.0	0.0	0.0	1.0	1.0	1.0	1.0	0.5	0.0	0.0	0.0	1.0	1.0	1.0	1.0	1.0	1.0	1.0	1.0
Hirsutism	(0.8, 1.5)	0.630435	0.6875	0.478261	0.273861	0.266667	0.25	0.285714	-0.464286	0.630435	0.6875	0.478261	0.273861	0.586957	0.642857	0.391304	0.188982	0.543478	0.55	0.478261	0.087706	0.608696	0.666667	0.434783	0.231869
Hyperacusis	(0.9, 1.5)	0.6	0.666667	0.4	0.218218	0.25	0.333333	0.5	-0.57735	0.6	0.666667	0.4	0.218218	0.5	0.5	0.2	0.0	0.5	0.5	0.6	0.0	0.6	0.666667	0.4	0.218218
Hyperammonaemia	(0.8, 3)	0.496032	0.478261	0.087302	-0.013779	0.428571	0.404255	0.703704	-0.084215	0.496032	0.478261	0.087302	-0.013779	0.507937	0.527778	0.150794	0.02268	0.511905	0.6	0.071429	0.050315	0.43254	0.326531	0.126984	-0.170452
Hypercoagulation	(0.6, 5)	0.0	0.0	0.0	-1.0	1.0	0.0	0.0	0.0	0.0	0.0	0.0	-1.0	0.0	0.0	0.0	-1.0	0.0	0.0	0.0	-1.0	0.5	0.0	0.0	0.0
Hypernatraemia	(0.6, 1.5)	0.694444	0.666667	0.777778	0.394405	0.153846	0.0	0.0	-0.69282	0.694444	0.666667	0.777778	0.394405	0.472222	0.466667	0.388889	-0.056344	0.694444	0.666667	0.777778	0.394405	0.666667	0.65	0.722222	0.33541
Hyperparathyroidism	(0.6, 1.5)	0.75	1.0	0.5	0.57735	0.0	0.0	0.0	0.0	0.75	1.0	0.5	0.57735	0.5	0.5	0.5	0.0	0.75	1.0	0.5	0.57735	0.75	1.0	0.5	0.57735
Hypersensitivity	(0.9, 5)	0.566667	0.666667	0.266667	0.166667	0.272727	0.2	0.2	-0.466667	0.566667	0.666667	0.266667	0.166667	0.5	0.0	0.0	0.0	0.566667	0.625	0.333333	0.150756	0.466667	0.444444	0.266667	-0.072739
Hypertrophic_cardiomyopathy	(0.6, 5)	1.0	1.0	1.0	1.0	0.0	0.0	0.0	0.0	1.0	1.0	1.0	1.0	1.0	1.0	1.0	1.0	0.5	0.0	0.0	0.0	1.0	1.0	1.0	1.0
Hyperuricaemia	(0.6, 1.5)	0.583333	0.607143	0.472222	0.170941	0.358974	0.3	0.352941	-0.281176	0.583333	0.607143	0.472222	0.170941	0.555556	0.576923	0.416667	0.115663	0.5	0.5	0.472222	0.0	0.541667	0.56	0.388889	0.087519
Hypoacusis	(0.6, 3)	0.5	0.0	0.0	0.0	0.0	0.0	0.0	0.0	0.5	0.0	0.0	0.0	0.0	0.0	0.0	-1.0	0.5	0.0	0.0	0.0	0.5	0.0	0.0	0.0
Hypoalbuminaemia	(0.9, 5)	0.6	1.0	0.2	0.333333	0.0	0.0	0.0	-1.0	0.6	1.0	0.2	0.333333	0.4	0.333333	0.2	-0.218218	0.5	0.0	0.0	0.0	0.6	1.0	0.2	0.333333
Ichthyosis	(0.6, 3)	0.0	0.0	0.0	-1.0	1.0	0.0	0.0	0.0	0.0	0.0	0.0	-1.0	0.0	0.0	0.0	-1.0	0.0	0.0	0.0	-1.0	0.5	0.0	0.0	0.0
Infarction	(0.7, 1.5)	0.833333	1.0	0.666667	0.707107	0.333333	0.5	0.5	-0.5	0.833333	1.0	0.666667	0.707107	0.833333	1.0	0.666667	0.707107	0.833333	0.75	1.0	0.707107	0.666667	1.0	0.333333	0.447214
Ischaemia	(0.7, 1.5)	0.5	0.5	0.5	0.0	1.0	0.0	0.0	0.0	0.5	0.5	0.5	0.0	0.5	0.5	0.5	0.0	0.5	0.5	0.5	0.0	0.75	1.0	0.5	0.57735
Jaundice	(0.6, 1.5)	0.684211	1.0	0.368421	0.475191	0.324324	0.387097	0.666667	-0.451997	0.684211	1.0	0.368421	0.475191	0.684211	1.0	0.368421	0.475191	0.473684	0.486486	0.947368	-0.164399	0.552632	1.0	0.105263	0.235702
Malnutrition	(0.7, 1.5)	1.0	1.0	1.0	1.0	0.0	0.0	0.0	-1.0	1.0	1.0	1.0	1.0	0.916667	0.916667	0.916667	0.833333	0.958333	0.923077	1.0	0.919866	0.958333	0.923077	1.0	0.919866
Melaena	(0.8, 5)	0.583333	0.666667	0.333333	0.19245	0.125	0.0	0.0	-0.774597	0.583333	0.666667	0.333333	0.19245	0.5	0.5	0.166667	0.0	0.458333	0.444444	0.333333	-0.086066	0.541667	0.666667	0.166667	0.125988
Meningism	(0.6, 5)	0.625	1.0	0.25	0.377964	0.666667	0.666667	1.0	0.0	0.625	1.0	0.25	0.377964	0.625	1.0	0.25	0.377964	0.75	0.75	0.75	0.5	0.625	1.0	0.25	0.377964
Menstruation_irregular	(0.6, 1.5)	1.0	1.0	1.0	1.0	0.0	0.0	0.0	0.0	1.0	1.0	1.0	1.0	1.0	1.0	1.0	1.0	1.0	1.0	1.0	1.0	0.75	1.0	0.5	0.57735
Musculoskeletal_pain	(0.6, 3)	0.75	1.0	0.5	0.57735	0.0	0.0	0.0	-1.0	0.75	1.0	0.5	0.57735	0.75	1.0	0.5	0.57735	0.75	1.0	0.5	0.57735	0.5	0.5	0.25	0.0
Nasal_congestion	(0.6, 1.5)	0.9	0.833333	1.0	0.816497	0.166667	0.0	0.0	-0.632456	0.9	0.833333	1.0	0.816497	0.9	0.833333	1.0	0.816497	0.8	0.714286	1.0	0.654654	0.6	1.0	0.2	0.333333
Nasal_discomfort	(0.6, 1.5)	1.0	1.0	1.0	1.0		0.0	0.0	0.0	1.0	1.0	1.0	1.0	1.0	1.0	1.0	1.0	1.0	1.0	1.0	1.0	1.0	1.0	1.0	1.0
Neuropathy_peripheral	(0.9, 1.5)	0.680556	0.809524	0.472222	0.397236	0.387097	0.45	0.529412	-0.266582	0.680556	0.809524	0.472222	0.397236	0.555556	0.642857	0.25	0.140372	0.666667	0.75	0.5	0.353553	0.722222	0.735294	0.694444	0.445132
Neutropenia	(0.9, 1.5)	0.576923	0.642857	0.346154	0.173422	0.576923	0.647059	0.6875	0.089479	0.576923	0.642857	0.346154	0.173422	0.519231	0.555556	0.192308	0.050833	0.615385	0.6875	0.423077	0.25	0.673077	0.68	0.653846	0.34641
Nocturia	(0.7, 1.5)	0.566667	0.5625	0.6	0.133631	0.6	0.5	0.5	0.166667	0.566667	0.5625	0.6	0.133631	0.633333	0.642857	0.6	0.267261	0.533333	0.529412	0.6	0.067267	0.566667	0.5625	0.6	0.133631
Non-alcoholic_steatohepatitis	(0.9, 5)	0.629032	0.735294	0.403226	0.289241	0.291667	0.357143	0.166667	-0.355036	0.629032	0.735294	0.403226	0.289241	0.604839	0.638298	0.483871	0.216097	0.5	0.0	0.0	0.0	0.620968	0.714286	0.403226	0.268759
Ophthalmoplegia	(0.6, 5)	0.5	0.0	0.0	0.0	0.0	0.0	0.0	0.0	0.5	0.0	0.0	0.0	0.5	0.0	0.0	0.0	0.0	0.0	0.0	-1.0	0.5	0.0	0.0	0.0
Orthostatic_hypotension	(0.9, 3)	0.625	1.0	0.25	0.377964	1.0	1.0	1.0	0.0	0.625	1.0	0.25	0.377964	0.625	1.0	0.25	0.377964	0.75	1.0	0.5	0.57735	0.625	1.0	0.25	0.377964
Palpitations	(0.8, 1.5)	0.68	0.736842	0.56	0.370839	0.318182	0.307692	0.4	-0.354459	0.68	0.736842	0.56	0.370839	0.62	0.666667	0.48	0.25	0.62	0.65	0.52	0.244949	0.64	0.652174	0.6	0.2809
Peptic_ulcer	(0.6, 1.5)	1.0	1.0	1.0	1.0		0.0	0.0	0.0	1.0	1.0	1.0	1.0	1.0	1.0	1.0	1.0	1.0	1.0	1.0	1.0	1.0	1.0	1.0	1.0
Petechiae	(0.6, 1.5)	0.62069	0.705882	0.413793	0.265144	0.416667	0.5	0.52381	-0.211891	0.62069	0.705882	0.413793	0.265144	0.5	0.5	0.137931	0.0	0.62069	0.6	0.724138	0.246718	0.637931	0.75	0.413793	0.308607
Photophobia	(0.9, 1.5)	0.552083	0.631579	0.25	0.130722	0.447059	0.473684	0.837209	-0.187144	0.552083	0.631579	0.25	0.130722	0.53125	0.6	0.1875	0.086066	0.520833	0.571429	0.166667	0.059028	0.510417	0.505263	1.0	0.102598
Pleurisy	(0.6, 3)	1.0	1.0	1.0	1.0	0.0	0.0	0.0	0.0	1.0	1.0	1.0	1.0	0.5	0.0	0.0	0.0	1.0	1.0	1.0	1.0	1.0	1.0	1.0	1.0
Pre-eclampsia	(0.6, 5)	1.0	1.0	1.0	1.0	0.0	0.0	0.0	0.0	1.0	1.0	1.0	1.0	1.0	1.0	1.0	1.0	1.0	1.0	1.0	1.0	0.5	0.0	0.0	0.0
Renal_tubular_acidosis	(0.7, 3)	0.5	0.0	0.0	0.0	0.0	0.0	0.0	0.0	0.5	0.0	0.0	0.0	0.5	0.0	0.0	0.0	0.0	0.0	0.0	-1.0	0.5	0.0	0.0	0.0
Respiratory_depression	(0.6, 5)	1.0	1.0	1.0	1.0	0.0	0.0	0.0	0.0	1.0	1.0	1.0	1.0	1.0	1.0	1.0	1.0	0.5	0.0	0.0	0.0	1.0	1.0	1.0	1.0
Respiratory_failure	(0.8, 1.5)	0.722222	0.7	0.777778	0.447214	0.0	0.0	0.0	0.0	0.722222	0.7	0.777778	0.447214	0.666667	0.666667	0.666667	0.333333	0.666667	0.666667	0.666667	0.333333	0.611111	0.625	0.555556	0.223607
Strabismus	(0.6, 3)	0.75	1.0	0.5	0.57735	0.0	0.0	0.0	0.0	0.75	1.0	0.5	0.57735	0.75	1.0	0.5	0.57735	0.75	1.0	0.5	0.57735	0.5	0.0	0.0	0.0
Tachycardia	(0.9, 1.5)	0.65625	0.777778	0.4375	0.347524	0.481481	0.555556	0.625	-0.1066	0.65625	0.777778	0.4375	0.347524	0.609375	0.888889	0.25	0.314627	0.640625	0.714286	0.46875	0.299501	0.703125	0.69697	0.71875	0.406449
Tinnitus	(0.6, 1.5)	0.619565	0.73913	0.369565	0.276124	0.5	0.606061	0.645161	-0.123348	0.619565	0.73913	0.369565	0.276124	0.608696	0.75	0.326087	0.263523	0.652174	0.75	0.456522	0.330719	0.597826	0.615385	0.521739	0.197958
Torsade_de_pointes	(0.7, 3)	1.0	1.0	1.0	1.0	0.0	0.0	0.0	0.0	1.0	1.0	1.0	1.0	1.0	1.0	1.0	1.0	0.5	0.0	0.0	0.0	1.0	1.0	1.0	1.0
Torticollis	(0.9, 1.5)	0.8	0.909091	0.666667	0.622543	0.4	0.6	0.428571	-0.218218	0.8	0.909091	0.666667	0.622543	0.7	1.0	0.4	0.5	0.766667	0.833333	0.666667	0.544331	0.866667	0.866667	0.866667	0.733333
Tremor	(0.6, 3)	0.604167	1.0	0.208333	0.340997	0.454545	0.625	0.625	-0.375	0.604167	1.0	0.208333	0.340997	0.59375	0.8	0.25	0.258199	0.614583	1.0	0.229167	0.359738	0.59375	1.0	0.1875	0.321634
Tubulointerstitial_nephritis	(0.8, 1.5)	0.666667	1.0	0.333333	0.447214	0.333333	0.5	0.5	-0.5	0.666667	1.0	0.333333	0.447214	0.666667	0.666667	0.666667	0.333333	0.666667	1.0	0.333333	0.447214	0.5	0.0	0.0	0.0
Tumour_lysis_syndrome	(0.9, 1.5)	0.875	1.0	0.75	0.774597	1.0	1.0	1.0	0.0	0.875	1.0	0.75	0.774597	0.875	1.0	0.75	0.774597	1.0	1.0	1.0	1.0	0.875	1.0	0.75	0.774597
Ulcerative_keratitis	(0.7, 1.5)	1.0	1.0	1.0	1.0	0.0	0.0	0.0	0.0	1.0	1.0	1.0	1.0	1.0	1.0	1.0	1.0	0.5	0.0	0.0	0.0	1.0	1.0	1.0	1.0
Vaginal_discharge	(0.7, 1.5)	0.833333	1.0	0.666667	0.707107	0.0	0.0	0.0	0.0	0.833333	1.0	0.666667	0.707107	0.833333	1.0	0.666667	0.707107	0.833333	1.0	0.666667	0.707107	0.666667	0.666667	0.666667	0.333333
Ventricular_tachycardia	(0.9, 1.5)	0.833333	1.0	0.666667	0.707107	0.5	1.0	0.5	0.0	0.833333	1.0	0.666667	0.707107	1.0	1.0	1.0	1.0	0.833333	1.0	0.666667	0.707107	0.666667	1.0	0.333333	0.447214
Blood_and_lymphatic_system_disorders	(0.6, 3)	0.742424	0.833333	0.606061	0.503953	0.32	0.4	0.428571	-0.394771	0.742424	0.833333	0.606061	0.503953	0.69697	0.666667	0.787879	0.400617	0.757576	0.869565	0.606061	0.540569	0.636364	0.8	0.363636	0.325396
Cardiac_disorders	(0.8, 1.5)	0.697917	0.851852	0.479167	0.440197	0.416667	0.470588	0.615385	-0.222309	0.697917	0.851852	0.479167	0.440197	0.6875	0.909091	0.416667	0.446113	0.677083	0.84	0.4375	0.403506	0.645833	0.62963	0.708333	0.293972
Congenital,_familial_and_genetic_disorders	(0.7, 5)	0.5	0.5	0.5	0.0	1.0	0.0	0.0	0.0	0.5	0.5	0.5	0.0	0.5	0.5	0.5	0.0	0.5	0.5	0.5	0.0	0.75	1.0	0.5	0.57735
Ear_and_labyrinth_disorders	(0.7, 1.5)	0.646552	0.680851	0.551724	0.298521	0.423729	0.473684	0.5625	-0.185465	0.646552	0.680851	0.551724	0.298521	0.62069	0.652174	0.517241	0.246718	0.594828	0.648649	0.413793	0.20346	0.646552	0.613333	0.793103	0.306568
Endocrine_disorders	(0.7, 1.5)	0.578947	0.636364	0.368421	0.174078	0.3	0.5	0.142857	-0.218218	0.578947	0.636364	0.368421	0.174078	0.526316	0.545455	0.315789	0.058026	0.605263	0.75	0.315789	0.258199	0.5	0.5	0.210526	0.0
Eye_disorders	(0.6, 5)	0.601852	1.0	0.203704	0.336752	0.0	0.0	0.0	-1.0	0.601852	1.0	0.203704	0.336752	0.583333	1.0	0.166667	0.301511	0.574074	0.785714	0.203704	0.220527	0.555556	0.8	0.148148	0.191663
Gastrointestinal_disorders	(0.7, 3)	0.585106	0.722222	0.276596	0.216295	0.666667	0.333333	1.0	0.447214	0.585106	0.722222	0.276596	0.216295	0.595745	0.736842	0.297872	0.238416	0.574468	0.684211	0.276596	0.185435	0.606383	0.8125	0.276596	0.283069
Hepatobiliary_disorders	(0.6, 1.5)	0.677778	0.722222	0.577778	0.362887	0.414634	0.5	0.416667	-0.1691	0.677778	0.722222	0.577778	0.362887	0.733333	0.714286	0.777778	0.468521	0.666667	0.8	0.444444	0.372104	0.555556	0.575758	0.422222	0.115286
Immune_system_disorders	(0.9, 5)	0.540541	0.8	0.108108	0.161515	0.6	0.6	1.0	0.0	0.540541	0.8	0.108108	0.161515	0.554054	0.75	0.162162	0.174078	0.554054	0.833333	0.135135	0.19803	0.527027	0.666667	0.108108	0.099015
Metabolism_and_nutrition_disorders	(0.6, 5)	0.640625	0.95	0.296875	0.387298	0.5	0.75	0.6	-0.316228	0.640625	0.95	0.296875	0.387298	0.648438	0.952381	0.3125	0.400822	0.625	0.9	0.28125	0.344265	0.648438	0.952381	0.3125	0.400822
Musculoskeletal_and_connective_tissue_disorders	(0.9, 1.5)	0.642857	0.6875	0.52381	0.294174	0.416667	0.384615	0.666667	-0.104828	0.642857	0.6875	0.52381	0.294174	0.642857	0.714286	0.47619	0.303046	0.642857	0.875	0.333333	0.363803	0.5	0.5	1.0	0.0
Nervous_system_disorders	(0.7, 3)	0.605263	0.833333	0.263158	0.288675	0.125	0.125	0.125	-0.75	0.605263	0.833333	0.263158	0.288675	0.605263	0.833333	0.263158	0.288675	0.561404	0.652174	0.263158	0.153008	0.54386	0.692308	0.157895	0.137987
Pregnancy,_puerperium_and_perinatal_conditions	(0.6, 5)	1.0	1.0	1.0	1.0	0.0	0.0	0.0	0.0	1.0	1.0	1.0	1.0	1.0	1.0	1.0	1.0	1.0	1.0	1.0	1.0	0.5	0.0	0.0	0.0
Renal_and_urinary_disorders	(0.9, 3)	0.6875	0.736842	0.583333	0.383413	0.291667	0.428571	0.1875	-0.324102	0.6875	0.736842	0.583333	0.383413	0.6875	0.736842	0.583333	0.383413	0.5	0.5	0.041667	0.0	0.666667	0.653846	0.708333	0.334497
Reproductive_system_and_breast_disorders	(0.7, 1.5)	0.683333	0.866667	0.433333	0.42339	0.238095	0.3125	0.5	-0.586302	0.683333	0.866667	0.433333	0.42339	0.666667	0.727273	0.533333	0.345857	0.6	0.75	0.3	0.25	0.6	0.636364	0.466667	0.207514
Respiratory,_thoracic_and_mediastinal_disorders	(0.6, 1.5)	0.90625	0.933333	0.875	0.814092	0.1	0.0	0.0	-0.763763	0.90625	0.933333	0.875	0.814092	0.875	0.875	0.875	0.75	0.875	0.875	0.875	0.75	0.71875	1.0	0.4375	0.52915
Skin_and_subcutaneous_tissue_disorders	(0.7, 1.5)	0.655556	0.75	0.55102	0.337005	0.371429	0.47619	0.47619	-0.309524	0.655556	0.75	0.55102	0.337005	0.566667	0.692308	0.367347	0.189238	0.644444	0.72973	0.55102	0.310854	0.655556	0.673077	0.714286	0.302143
Vascular_disorders	(0.9, 1.5)	0.724138	0.666667	0.896552	0.477567	0.234043	0.157895	0.130435	-0.546218	0.724138	0.666667	0.896552	0.477567	0.741379	0.694444	0.862069	0.497468	0.5	0.5	0.241379	0.0	0.5	0.5	1.0	0.0
